00100000101001010000000000101000
10001100000000100000000000000000
10001100011001000000000000000000
00000000010001000011000000101010
00010000110000000000000000000010
00100000000000000000000000000000
10001100011000100000000000000000
00100000000000000000000000000000
00100000011000110000000000000100
00100000000000000000000000000000
00010000011001010000000000000100
00100000000000000000000000000000
00001000000000000000000000000010
00100000000000000000000000000000
00100000000000000000000000000000
00100000000000000000000000000000